14741
8628
13986
36275
11706
33878
11381
1281
57499
31319
36762
5222
35053
21949
15243
18488
36840
10224
7320
16470
37075
31965
33211
26020
7813
20829
47578
11517
4554
17436
11098
33455
57919
574
19573
24598
20672
10477
28292
1612
18780
31393
28357
3278
1311
15619
23776
46258
4847
2976
6530
12449
31165
3306
13224
40897
25421
1813
44428
10241
1300
13127
22627
19733
3875
29692
21859
23705
20835
21988
7008
19293
24956
28834
6709
35275
21992
1419
3460
23249
26157
20320
1300
37059
31482
1939
18912
17250
531
22504
789
28214
30896
49597
