31352
4588
16655
7959
50006
18987
38221
28357
6573
36994
11610
1630
32223
15314
10278
11160
33522
24741
18513
36478
7340
10507
35194
31455
19645
37190
17518
58095
11771
26082
5246
8681
28495
11403
34382
22083
13877
28511
33306
14770
20687
1300
21132
18835
592
36487
47811
57613
24047
23396
22587
44626
22095
21153
17298
7060
1420
22614
25081
19823
26471
1823
3931
25807
1306
536
3314
29775
1948
1319
22256
15736
31317
35366
1299
21838
20506
3505
22799
2989
41387
46512
31804
10291
29074
13339
13260
3330
19441
6735
794
12492
4902
31014
